# Created by Octave 4.0.3, Wed Jul 27 02:15:45 2016 GMT <unknown@Meet>
# name: A
# type: matrix
# rows: 9
# columns: 9
 1 1 0 1 0 0 0 0 0
 1 1 1 0 1 0 0 0 0
 0 1 1 0 0 1 0 0 0
 1 0 0 1 1 0 1 0 0
 0 1 0 1 1 1 0 1 0
 0 0 1 0 1 1 0 0 1
 0 0 0 1 0 0 1 1 0
 0 0 0 0 1 0 1 1 1
 0 0 0 0 0 1 0 1 1


