# Created by Octave 4.0.3, Wed Jul 27 01:45:20 2016 GMT <unknown@Meet>
# name: Ainvmod2
# type: matrix
# rows: 9
# columns: 9
 1 0 1 0 0 1 1 1 0
 0 0 0 0 1 0 1 1 1
 1 0 1 1 0 0 0 1 1
 0 0 1 0 1 1 0 0 1
 0 1 0 1 1 1 0 1 0
 1 0 0 1 1 0 1 0 0
 1 1 0 0 0 1 1 0 1
 1 1 1 0 1 0 0 0 0
 0 1 1 1 0 0 1 0 1


