# Created by Octave 4.0.3, Sat Jul 30 10:04:35 2016 IST <akash@akashs-MBP>
# name: A
# type: matrix
# rows: 9
# columns: 9
 1 1 0 1 0 0 0 0 0
 1 1 1 0 1 0 0 0 0
 0 1 1 0 0 1 0 0 0
 1 0 0 1 1 0 1 0 0
 0 1 0 1 1 1 0 1 0
 0 0 1 0 1 1 0 0 1
 0 0 0 1 0 0 1 1 0
 0 0 0 0 1 0 1 1 1
 0 0 0 0 0 1 0 1 1


